L 96 T 3.610000 m 0.662672 m_variance 0.001025 Q 0.948019
L 96 T 3.620000 m 0.632544 m_variance 0.001429 Q 0.923284
L 96 T 3.630000 m 0.610545 m_variance 0.001666 Q 0.907010
L 96 T 3.635000 m 0.584723 m_variance 0.002175 Q 0.880134
L 96 T 3.636000 m 0.579186 m_variance 0.002331 Q 0.870590
L 96 T 3.637000 m 0.577524 m_variance 0.002292 Q 0.871620
L 96 T 3.638000 m 0.584040 m_variance 0.001977 Q 0.886982
L 96 T 3.639000 m 0.573751 m_variance 0.002452 Q 0.866494
L 96 T 3.640000 m 0.571246 m_variance 0.002327 Q 0.868210
L 96 T 3.641000 m 0.557148 m_variance 0.002580 Q 0.852531
L 96 T 3.642000 m 0.562511 m_variance 0.002410 Q 0.861346
L 96 T 3.643000 m 0.555253 m_variance 0.002505 Q 0.852149
L 96 T 3.645000 m 0.546584 m_variance 0.002619 Q 0.843787
L 96 T 3.647000 m 0.532535 m_variance 0.002931 Q 0.824227
L 96 T 3.650000 m 0.513213 m_variance 0.003286 Q 0.800133
L 96 T 3.652000 m 0.515342 m_variance 0.002981 Q 0.809740
