L 96 T 3.400000 m 0.846697 m_variance 0.000000 Q 0.998550
L 96 T 3.420000 m 0.838528 m_variance 0.000000 Q 0.998283
L 96 T 3.440000 m 0.829430 m_variance 0.000000 Q 0.997914
L 96 T 3.460000 m 0.819292 m_variance 0.000000 Q 0.997329
L 96 T 3.480000 m 0.807939 m_variance 0.000000 Q 0.996668
L 96 T 3.500000 m 0.796125 m_variance 0.000000 Q 0.995724
L 96 T 3.520000 m 0.781402 m_variance 0.000000 Q 0.994042
L 96 T 3.540000 m 0.766744 m_variance 0.000001 Q 0.992154
L 96 T 3.560000 m 0.744235 m_variance 0.000000 Q 0.986806
L 96 T 3.580000 m 0.720637 m_variance 0.000001 Q 0.979758
L 96 T 3.600000 m 0.684912 m_variance 0.000005 Q 0.962372
L 96 T 3.610000 m 0.662061 m_variance 0.000006 Q 0.947258
L 96 T 3.620000 m 0.639539 m_variance 0.000006 Q 0.933614
L 96 T 3.630000 m 0.602162 m_variance 0.000012 Q 0.900121
L 96 T 3.635000 m 0.582378 m_variance 0.000019 Q 0.880146
L 96 T 3.636000 m 0.577147 m_variance 0.000035 Q 0.875094
L 96 T 3.637000 m 0.579553 m_variance 0.000032 Q 0.875354
L 96 T 3.638000 m 0.574554 m_variance 0.000011 Q 0.870785
L 96 T 3.639000 m 0.569016 m_variance 0.000014 Q 0.864588
L 96 T 3.640000 m 0.564941 m_variance 0.000044 Q 0.863185
L 96 T 3.641000 m 0.568203 m_variance 0.000020 Q 0.865929
L 96 T 3.642000 m 0.552238 m_variance 0.000020 Q 0.847383
L 96 T 3.643000 m 0.556914 m_variance 0.000019 Q 0.854936
L 96 T 3.645000 m 0.554001 m_variance 0.000029 Q 0.852930
L 96 T 3.647000 m 0.531890 m_variance 0.000011 Q 0.823376
L 96 T 3.650000 m 0.518988 m_variance 0.000021 Q 0.810415
L 96 T 3.652000 m 0.517938 m_variance 0.000033 Q 0.808537
L 96 T 3.700000 m 0.297889 m_variance 0.000042 Q 0.545781
L 96 T 3.720000 m 0.238623 m_variance 0.000026 Q 0.467082
L 96 T 3.740000 m 0.200468 m_variance 0.000011 Q 0.439058
L 96 T 3.750000 m 0.183557 m_variance 0.000012 Q 0.422109
L 96 T 3.770000 m 0.156812 m_variance 0.000014 Q 0.392888
L 96 T 3.780000 m 0.145525 m_variance 0.000023 Q 0.383790
L 96 T 3.800000 m 0.128606 m_variance 0.000009 Q 0.368316
